10317
10369
10402
10418
10462
10478
10486
10529
10541
10559
10572
10581
10584
10585
10589
10590
10596
10603
10606
10608
10617
10636
10638
10640
10641
10642
10644
10647
10649
10652
10656
10661
10663
10668
10673
10674
10677
10685
10690
10691
10700
10701
10713
10716
10718
10720
10723
10741
10748
10767
10770
10777
10781
10783
10785
10794
10800
10801
10802
10803
10804
10806
10807
10809
10810
10812
10817
10827
10831
10834
10838
10843
10850
10854
10857
10858
10860
10862
10863
10866
10875
10886
10887
10896
10897
10898
10908
10913
10918
10919
10924
10926
10928
10930
10938
10940
10950
10951
10952
10953
10954
10956
10958
10961
10964
10966
10969
10974
10977
10983
10984
10998
11007
11012
11016
11021
11030
11031
11036
11039
11042
11053
11058
11060
11063
11064
11065
11066
11068
11071
11072
11074
11075
11076
11078
11083
11084
11110
11113
11116
11120
11126
11128
11134
11139
11145
11164
11167
11177
11192
11193
11209
11227
11238
11241
11246
11286
11301
11311
11312
11316
11317
11318
11321
11325
11326
11329
11330
11337
11338
11340
11343
11345
11348
11358
11364
11367
11376
11377
11387
11416
11426
11430
11432
11433
11435
11439
11440
11450
11451
11461
11462
11472
11492
11493
11498
11517
11518
11523
11526
11527
11529
11530
11532
11533
11534
11535
11536
11539
11540
11542
11545
11551
11559
11563
11570
11579
11586
11587
11588
11591
11597
11599
11600
11606
11614
11622
11625
11626
11628
11631
11651
11660
11670
11674
11679
11681
11694
11701
11703
11705
11709
11714
11736
11744
11746
11748
11756
11764
11772
11773
11774
11784
11787
11788
11789
11790
11793
11795
11815
11822
11823
11828
11829
11840
11861
11867
11870
11872
11876
11885
11891
11897
11900
11902
11913
11914
11920
11922
11924
11926
11928
11935
11939
11943
11974
11982
11984
12008
12011
12013
12020
12021
12031
12033
12036
12037
12038
12039
12041
12047
12051
12055
12057
